4 0.479445 0.640141 0.958891 0.275785
4 0.310680 0.304543 0.522453 0.041405
4 0.768070 0.316546 0.463859 0.035714
0 0.127367 0.650913 0.151422 0.232740
0 0.253852 0.611827 0.154953 0.228009
0 0.392820 0.617354 0.140578 0.213021
0 0.599984 0.498454 0.118687 0.295738
0 0.346984 0.575386 0.095094 0.185948
0 0.060492 0.600667 0.104828 0.185410
0 0.187305 0.588595 0.086266 0.184543
0 0.154766 0.264356 0.028937 0.087166
0 0.172977 0.287354 0.021078 0.040562
0 0.213164 0.289590 0.024859 0.045176
0 0.659492 0.265679 0.029641 0.092857
0 0.757188 0.286405 0.022187 0.051686
4 0.117695 0.230340 0.043484 0.051686
4 0.039234 0.353735 0.078469 0.067096
0 0.795609 0.287283 0.036156 0.048197
