4 0.439633 0.655055 0.593009 0.528078
0 0.574716 0.516062 0.203033 0.175063
0 0.595557 0.416797 0.246517 0.145844
0 0.490509 0.162828 0.127133 0.105937
0 0.334526 0.595086 0.335024 0.216453
0 0.220178 0.317617 0.266611 0.303797
0 0.421931 0.382203 0.249976 0.221969
0 0.650438 0.323250 0.173104 0.116656
0 0.669502 0.153859 0.066540 0.083250
0 0.622832 0.200602 0.155806 0.095078
0 0.666386 0.282547 0.162820 0.117313
0 0.359135 0.204227 0.119882 0.084922
4 0.101528 0.502406 0.195237 0.995187
0 0.397227 0.168398 0.118199 0.101266
0 0.351114 0.120641 0.101090 0.086500
