4 0.790700 0.163844 0.050240 0.041441
4 0.380700 0.137793 0.031000 0.045195
4 0.688220 0.165090 0.045280 0.050060
4 0.301360 0.142012 0.033280 0.040721
0 0.190720 0.557583 0.160640 0.306456
0 0.315750 0.587853 0.214500 0.286036
0 0.890500 0.302237 0.086800 0.294384
0 0.796040 0.301892 0.040200 0.069369
0 0.755560 0.300601 0.034200 0.074535
0 0.976430 0.260135 0.044860 0.243213
0 0.959760 0.307357 0.032240 0.060000
4 0.240290 0.136231 0.032740 0.040450
0 0.558580 0.413078 0.045320 0.119790
0 0.086550 0.432192 0.091180 0.111231
0 0.593730 0.411486 0.040500 0.105135
0 0.038780 0.678799 0.077560 0.313393
0 0.150900 0.441577 0.040840 0.087477
0 0.479660 0.474324 0.076040 0.158739
