4 0.878945 0.248318 0.238766 0.168541
0 0.240742 0.705976 0.153547 0.588047
0 0.610734 0.618435 0.146500 0.476212
0 0.439477 0.667412 0.135797 0.552800
0 0.759172 0.488400 0.076281 0.265882
0 0.729047 0.521353 0.142313 0.368965
0 0.869148 0.431553 0.076234 0.211529
0 0.958625 0.330400 0.024875 0.062918
0 0.925203 0.336094 0.029375 0.090024
0 0.877602 0.360012 0.046453 0.143412
0 0.955977 0.420718 0.056109 0.135082
0 0.917234 0.307247 0.020000 0.066729
4 0.553672 0.670129 0.124188 0.207788
4 0.830047 0.150988 0.092125 0.108894
4 0.064922 0.241435 0.129844 0.135859
