4 0.629703 0.787646 0.116937 0.164052
4 0.209180 0.758009 0.070734 0.059110
4 0.706297 0.599707 0.050313 0.050890
4 0.786766 0.655000 0.046125 0.047518
4 0.944172 0.759297 0.105719 0.084075
4 0.820773 0.678279 0.045391 0.040820
4 0.737352 0.622014 0.037391 0.035831
4 0.062969 0.905621 0.125937 0.166276
0 0.627430 0.767061 0.027484 0.098899
0 0.628211 0.719368 0.030297 0.058595
4 0.971703 0.848888 0.056594 0.096885
4 0.754914 0.640527 0.024641 0.028689
0 0.914039 0.699309 0.030578 0.073653
0 0.931031 0.726710 0.020469 0.042740
0 0.064570 0.625948 0.020609 0.072459
0 0.107688 0.612400 0.019187 0.046815
0 0.615945 0.716792 0.020078 0.060187
