4 0.487781 0.476820 0.232500 0.197109
4 0.252508 0.495974 0.251484 0.146809
0 0.424773 0.745921 0.260516 0.260193
0 0.403914 0.722719 0.183234 0.210278
0 0.388516 0.648287 0.065969 0.131777
0 0.314250 0.620835 0.029875 0.098715
0 0.150938 0.685964 0.054688 0.092827
0 0.193586 0.681338 0.035391 0.077623
0 0.095242 0.696831 0.054359 0.085054
0 0.767227 0.659507 0.069453 0.108779
0 0.052664 0.642677 0.031047 0.094775
0 0.837648 0.659914 0.064203 0.070493
0 0.906117 0.653116 0.032828 0.076467
0 0.671453 0.752559 0.087375 0.177537
