0 0.140102 0.749446 0.103578 0.258404
0 0.291461 0.792594 0.055328 0.148071
0 0.483430 0.718126 0.070266 0.235987
0 0.604094 0.675299 0.035469 0.143902
0 0.728672 0.715421 0.068500 0.261929
0 0.769148 0.619623 0.025891 0.176541
0 0.803414 0.564279 0.042797 0.110865
0 0.582961 0.616098 0.036516 0.069401
0 0.046437 0.710632 0.034719 0.195100
0 0.675586 0.657217 0.037703 0.086940
0 0.809180 0.489789 0.034797 0.100909
0 0.041555 0.569379 0.037641 0.145632
4 0.257914 0.894146 0.242828 0.177916
4 0.466258 0.814501 0.295703 0.269002
4 0.687547 0.857783 0.264313 0.161596
4 0.881664 0.827982 0.234359 0.177029
4 0.281758 0.685344 0.140297 0.075831
4 0.076391 0.898426 0.151469 0.178404
4 0.388734 0.644035 0.091438 0.119823
4 0.636656 0.759900 0.170938 0.091596
4 0.185961 0.591896 0.108234 0.064723
4 0.898539 0.607882 0.202922 0.102062
4 0.195477 0.408936 0.090516 0.135211
4 0.041070 0.433381 0.042641 0.036430
4 0.102695 0.397772 0.048359 0.122328
