4 0.916031 0.215632 0.059000 0.058665
4 0.777813 0.244461 0.104625 0.030328
4 0.943828 0.210585 0.052500 0.059625
0 0.255461 0.560562 0.144266 0.731944
0 0.348586 0.562927 0.139422 0.680890
0 0.568234 0.425843 0.404812 0.289906
0 0.386914 0.243548 0.061859 0.155714
0 0.572789 0.453173 0.152547 0.764052
0 0.425133 0.498770 0.092297 0.608361
0 0.683477 0.463653 0.105453 0.613349
0 0.634641 0.211850 0.034063 0.095269
0 0.778266 0.463712 0.128188 0.624426
0 0.887742 0.461358 0.120703 0.104403
0 0.486961 0.474028 0.065859 0.579204
4 0.964266 0.222623 0.040313 0.036534
