4 0.136508 0.659344 0.271141 0.098229
4 0.533750 0.579917 0.140313 0.078667
4 0.808461 0.534625 0.114641 0.052375
4 0.829922 0.452604 0.084156 0.041375
0 0.312297 0.688542 0.102250 0.436292
0 0.858320 0.606021 0.104547 0.171000
0 0.928102 0.557042 0.062078 0.104500
0 0.220633 0.580656 0.033672 0.054146
0 0.084492 0.621260 0.069578 0.094146
0 0.187180 0.597365 0.060641 0.076229
0 0.042133 0.620219 0.057297 0.116854
0 0.254258 0.584740 0.037672 0.058937
0 0.396687 0.521073 0.056937 0.084396
0 0.512555 0.550375 0.048391 0.065833
0 0.036234 0.848313 0.072469 0.298875
0 0.161797 0.605615 0.043812 0.087646
0 0.163055 0.437229 0.033391 0.112750
4 0.920406 0.442833 0.032188 0.037083
