0 0.097278 0.545555 0.056939 0.077297
4 0.610514 0.885750 0.509907 0.126781
4 0.631472 0.815539 0.519673 0.058297
4 0.599977 0.788094 0.499579 0.053812
4 0.558213 0.742766 0.493715 0.049281
4 0.507909 0.709250 0.386472 0.063938
4 0.439965 0.656398 0.371986 0.040766
4 0.380701 0.608898 0.296121 0.035109
4 0.460619 0.669539 0.353949 0.046953
4 0.329357 0.574258 0.204743 0.055797
4 0.295035 0.559289 0.156051 0.060297
4 0.418633 0.617625 0.324136 0.028906
4 0.471367 0.694781 0.389416 0.072281
4 0.381110 0.571414 0.259509 0.027297
