4 0.346894 0.784906 0.301412 0.430188
4 0.727529 0.640945 0.232612 0.434672
4 0.127988 0.801867 0.255976 0.396266
0 0.374447 0.679836 0.133647 0.110641
0 0.804965 0.281141 0.053647 0.155719
0 0.953918 0.322750 0.090847 0.160312
0 0.850318 0.299805 0.083976 0.160422
0 0.161224 0.631867 0.160518 0.132547
0 0.228965 0.493055 0.069365 0.066516
0 0.355259 0.247813 0.028824 0.025250
0 0.329247 0.894039 0.266541 0.156578
0 0.772482 0.194750 0.037906 0.079375
4 0.293424 0.389617 0.253671 0.354984
4 0.890847 0.866289 0.218306 0.262922
4 0.630212 0.403344 0.223388 0.140281
4 0.059012 0.247602 0.111153 0.048609
4 0.449000 0.326687 0.062235 0.091719
4 0.369482 0.240211 0.127906 0.101109
0 0.309847 0.247266 0.058941 0.031187
0 0.657847 0.212281 0.054094 0.030156
4 0.584647 0.310125 0.141059 0.104563
4 0.293000 0.274148 0.059506 0.029984
