4 0.642945 0.691906 0.128703 0.072047
4 0.296758 0.789071 0.212453 0.194659
4 0.495594 0.725518 0.105688 0.083600
4 0.743609 0.713471 0.062687 0.042706
4 0.852594 0.734659 0.292844 0.148941
4 0.414797 0.698412 0.046625 0.057106
4 0.103852 0.818847 0.203422 0.222871
4 0.372484 0.706118 0.040844 0.051482
0 0.834266 0.663965 0.071969 0.136071
0 0.299383 0.677459 0.097359 0.204612
0 0.609531 0.626435 0.054813 0.066094
0 0.656055 0.633612 0.046984 0.057247
0 0.743289 0.625576 0.061516 0.115812
0 0.386695 0.652976 0.054172 0.107600
0 0.078180 0.690024 0.098453 0.223624
0 0.119617 0.649188 0.057422 0.142141
0 0.516867 0.660435 0.097578 0.127835
0 0.707477 0.608659 0.025609 0.064518
0 0.681578 0.634235 0.035031 0.075953
0 0.917250 0.634353 0.119969 0.200565
