0 0.539992 0.347969 0.215859 0.322896
0 0.484797 0.115990 0.189188 0.229729
0 0.171477 0.324427 0.212641 0.399646
0 0.511703 0.610271 0.204594 0.373625
0 0.270672 0.113250 0.229625 0.224458
0 0.077609 0.101510 0.155219 0.203021
0 0.922297 0.271396 0.155406 0.369375
4 0.078016 0.626927 0.152688 0.736021
0 0.197250 0.767312 0.268500 0.465375
0 0.746281 0.174500 0.215344 0.341583
4 0.805555 0.500000 0.388891 1.000000
4 0.339180 0.494031 0.620141 0.982104
0 0.122922 0.049708 0.041844 0.040167
0 0.428594 0.128135 0.104563 0.210771
