0 0.044711 0.453219 0.026422 0.044396
4 0.596234 0.498281 0.078156 0.099896
4 0.704852 0.473625 0.042609 0.080875
4 0.495508 0.532583 0.087641 0.067417
4 0.966453 0.504406 0.067094 0.054312
4 0.564148 0.453396 0.048422 0.065167
4 0.588930 0.429146 0.027609 0.045792
4 0.767578 0.445760 0.052375 0.073813
4 0.861367 0.501875 0.108578 0.057708
4 0.672242 0.450250 0.048547 0.074167
4 0.624867 0.440500 0.037891 0.055500
4 0.919695 0.541104 0.078109 0.025750
0 0.216719 0.413958 0.056031 0.088208
4 0.496219 0.429437 0.021031 0.054625
