4 0.274617 0.450398 0.257016 0.274895
4 0.418758 0.414895 0.256453 0.254379
0 0.418734 0.647494 0.029344 0.101546
4 0.715852 0.394052 0.204391 0.233162
4 0.427523 0.679707 0.236484 0.243911
4 0.132688 0.247752 0.226406 0.166276
0 0.512563 0.461300 0.024438 0.098337
0 0.103273 0.417588 0.028766 0.057564
0 0.437258 0.383560 0.025766 0.044403
0 0.758633 0.451335 0.042922 0.082810
0 0.792844 0.444028 0.037469 0.085480
0 0.361570 0.424930 0.023859 0.057494
0 0.406047 0.483630 0.028125 0.080984
4 0.579180 0.401136 0.198391 0.282646
4 0.859469 0.469169 0.080063 0.044848
