4 0.195023 0.517189 0.378609 0.238525
0 0.611289 0.634459 0.023953 0.049793
0 0.676891 0.631118 0.027312 0.027811
0 0.121422 0.645265 0.041250 0.153157
0 0.258305 0.622627 0.056766 0.164700
0 0.298367 0.488076 0.044609 0.103571
0 0.480727 0.529747 0.051797 0.058065
4 0.915352 0.453306 0.168047 0.123111
4 0.853977 0.485346 0.202172 0.162627
0 0.183156 0.643571 0.040563 0.151014
0 0.975570 0.602707 0.027203 0.032281
0 0.057906 0.589528 0.055063 0.087581
4 0.529406 0.566924 0.088938 0.031959
4 0.645000 0.410806 0.385219 0.335991
4 0.182945 0.674424 0.356891 0.109171
4 0.345500 0.435438 0.453844 0.294332
0 0.351250 0.509781 0.046250 0.069101
0 0.400008 0.580749 0.061703 0.102189
