4 0.316617 0.634081 0.069609 0.090481
0 0.473836 0.791050 0.057141 0.174442
0 0.304172 0.694902 0.021000 0.067659
0 0.897813 0.722615 0.091094 0.163698
0 0.776602 0.741433 0.032609 0.180678
0 0.294687 0.873293 0.087906 0.253414
0 0.067703 0.783337 0.041844 0.174726
0 0.201477 0.717210 0.033953 0.095077
0 0.395641 0.801291 0.050125 0.217637
0 0.494156 0.723381 0.028281 0.121510
0 0.519867 0.720536 0.041109 0.129344
0 0.351500 0.776083 0.041531 0.192385
4 0.457492 0.600098 0.076734 0.039978
4 0.444289 0.641707 0.166172 0.035449
4 0.415250 0.596160 0.055125 0.036958
0 0.846563 0.685481 0.056844 0.205930
0 0.660039 0.738589 0.068078 0.244573
