0 0.020070 0.612829 0.024641 0.116596
0 0.555562 0.553075 0.020000 0.046150
4 0.184891 0.667535 0.162281 0.127653
4 0.106883 0.570481 0.115422 0.049272
4 0.058727 0.343779 0.075359 0.062394
4 0.448242 0.315317 0.299828 0.623873
4 0.649484 0.409202 0.042156 0.064366
4 0.218812 0.779284 0.318375 0.121150
4 0.589555 0.404014 0.103953 0.252394
0 0.025727 0.527042 0.019547 0.051080
4 0.209547 0.849378 0.317188 0.118521
4 0.840773 0.443075 0.148266 0.886150
4 0.065492 0.260704 0.130984 0.369953
4 0.365250 0.395927 0.083281 0.092887
