0 0.307828 0.850059 0.126125 0.219555
0 0.171305 0.846850 0.138234 0.222974
0 0.313219 0.665316 0.064531 0.255129
0 0.237289 0.640000 0.049297 0.170258
0 0.107047 0.666230 0.090781 0.247681
0 0.035430 0.629848 0.070859 0.370796
0 0.860164 0.875785 0.104703 0.219719
0 0.568602 0.500269 0.041391 0.079883
0 0.516172 0.528162 0.031563 0.121616
0 0.319836 0.472307 0.069234 0.117869
0 0.288094 0.421499 0.034969 0.110867
0 0.833094 0.721417 0.072156 0.132857
4 0.443422 0.284040 0.156062 0.043489
4 0.543930 0.229403 0.204047 0.045129
4 0.766336 0.263220 0.116797 0.031452
4 0.139992 0.198103 0.062266 0.044122
4 0.374531 0.235164 0.064125 0.036183
4 0.904156 0.246159 0.059781 0.033489
0 0.242477 0.836440 0.044203 0.166230
