4 0.579320 0.822129 0.460797 0.355741
4 0.842477 0.789894 0.315047 0.348306
4 0.293914 0.572894 0.062484 0.046588
0 0.797320 0.560741 0.087453 0.123600
0 0.402766 0.509576 0.092406 0.143294
0 0.284695 0.504212 0.069672 0.134965
0 0.225898 0.498812 0.037672 0.058706
0 0.144039 0.479718 0.038953 0.101459
0 0.126680 0.499576 0.046047 0.079435
4 0.475195 0.590247 0.094266 0.070988
4 0.171437 0.486624 0.068187 0.159647
0 0.450422 0.511318 0.044562 0.059388
0 0.539187 0.731424 0.221531 0.315788
0 0.322742 0.516153 0.031828 0.060824
0 0.601336 0.399576 0.036078 0.082824
4 0.126305 0.571506 0.107172 0.074400
4 0.385164 0.582918 0.134766 0.098447
4 0.045094 0.503706 0.083625 0.355553
4 0.235164 0.554482 0.039891 0.049388
4 0.678016 0.667341 0.103500 0.213788
0 0.257586 0.501318 0.022266 0.038635
