4 0.869773 0.269323 0.098359 0.032229
0 0.214047 0.657302 0.084281 0.352812
4 0.133719 0.247365 0.098500 0.050521
0 0.088984 0.700448 0.089531 0.373396
4 0.564430 0.846406 0.214484 0.086229
4 0.584414 0.257167 0.171141 0.052500
4 0.768375 0.269104 0.078594 0.033667
4 0.707602 0.266490 0.056734 0.034063
4 0.948680 0.195833 0.102297 0.184292
4 0.406469 0.257156 0.074187 0.053646
0 0.424398 0.730865 0.099922 0.427937
0 0.593328 0.685333 0.091438 0.336958
0 0.741258 0.762438 0.134078 0.474083
0 0.522148 0.899219 0.191203 0.197646
0 0.315984 0.709698 0.102031 0.392146
0 0.703250 0.748052 0.070125 0.405188
0 0.224766 0.909969 0.340875 0.180063
0 0.974719 0.939917 0.050562 0.120167
