4 0.427242 0.470781 0.241016 0.617979
0 0.544328 0.589031 0.064125 0.093938
0 0.556227 0.669188 0.085359 0.144917
0 0.653031 0.624906 0.052938 0.121563
0 0.669828 0.563271 0.047375 0.123375
0 0.985109 0.604917 0.029781 0.160542
0 0.825312 0.591187 0.064438 0.138083
0 0.580156 0.590187 0.036000 0.102125
0 0.905586 0.588073 0.087609 0.105188
0 0.745164 0.629979 0.076266 0.122958
0 0.805977 0.611323 0.041422 0.104604
0 0.595484 0.534312 0.056844 0.097375
4 0.646344 0.496198 0.272844 0.510146
4 0.840141 0.517104 0.319719 0.365833
4 0.897789 0.289177 0.196578 0.103854
0 0.412297 0.558458 0.042438 0.170500
