4 0.697172 0.896628 0.584719 0.166276
4 0.247383 0.698876 0.353828 0.112365
4 0.700172 0.900000 0.575719 0.159532
4 0.354313 0.601464 0.244313 0.079696
4 0.080781 0.490129 0.131656 0.058290
4 0.554484 0.721850 0.387688 0.103607
0 0.493188 0.631464 0.060719 0.227518
0 0.624383 0.751171 0.101484 0.133208
0 0.823133 0.228958 0.027328 0.081335
0 0.327281 0.289801 0.023906 0.093232
0 0.660406 0.332014 0.041625 0.210258
0 0.595227 0.259543 0.038984 0.065176
4 0.078250 0.569543 0.156500 0.112670
4 0.042578 0.431452 0.085156 0.057799
4 0.222383 0.569262 0.100141 0.077447
0 0.888219 0.267927 0.062594 0.083302
4 0.051250 0.714672 0.102500 0.087471
