4 0.108109 0.727281 0.122875 0.098427
4 0.262469 0.701697 0.115531 0.068292
0 0.706063 0.719247 0.047063 0.118360
0 0.733945 0.717854 0.028859 0.115034
0 0.794422 0.740910 0.036250 0.129281
0 0.834109 0.678281 0.031813 0.128202
0 0.744641 0.801798 0.057937 0.114876
0 0.879477 0.680202 0.044109 0.161888
0 0.900164 0.682202 0.023953 0.140944
0 0.272219 0.855921 0.034219 0.131978
0 0.419914 0.841978 0.032859 0.136764
0 0.097977 0.920191 0.035484 0.072337
4 0.171805 0.708843 0.064359 0.068022
0 0.687539 0.749764 0.018953 0.066135
