4 0.465508 0.802711 0.240922 0.133357
4 0.267516 0.630458 0.107219 0.087254
4 0.753875 0.647195 0.044875 0.053920
0 0.433172 0.770728 0.030781 0.107934
0 0.403094 0.763028 0.030594 0.109296
0 0.553664 0.717805 0.021359 0.043263
0 0.489086 0.783756 0.029516 0.059108
4 0.856664 0.611843 0.026891 0.029366
4 0.179555 0.645106 0.061422 0.040023
4 0.501664 0.614214 0.056703 0.036127
0 0.457258 0.778216 0.030891 0.061972
0 0.496859 0.757265 0.023187 0.030399
0 0.496602 0.733627 0.020891 0.038615
0 0.477719 0.766009 0.022187 0.059108
4 0.381391 0.615728 0.174219 0.072066
