4 0.500563 0.761802 0.994375 0.453937
0 0.241633 0.213198 0.089109 0.159312
0 0.303258 0.209125 0.074453 0.165250
0 0.369969 0.092365 0.050438 0.142563
0 0.821195 0.152833 0.064109 0.112125
0 0.898633 0.176979 0.061953 0.156167
0 0.309750 0.683260 0.151375 0.243229
0 0.278742 0.110031 0.041141 0.116812
0 0.694578 0.194844 0.070187 0.148438
0 0.563094 0.045917 0.035563 0.043750
0 0.922891 0.025729 0.040375 0.049708
0 0.816773 0.037917 0.032422 0.047750
0 0.751125 0.038010 0.039125 0.044729
0 0.442094 0.046615 0.019625 0.026771
