4 0.063586 0.245071 0.127172 0.131129
0 0.445437 0.667847 0.168625 0.577529
0 0.240102 0.701047 0.156047 0.597906
0 0.613117 0.618471 0.145422 0.475200
0 0.724797 0.524024 0.140250 0.361176
0 0.766633 0.491529 0.072703 0.267859
0 0.868859 0.428471 0.071719 0.204424
0 0.928047 0.329576 0.036687 0.072471
0 0.958266 0.331718 0.025312 0.068141
0 0.956656 0.415812 0.056531 0.135294
0 0.878984 0.373859 0.044844 0.123294
4 0.856422 0.149247 0.037781 0.107624
4 0.813727 0.187647 0.056047 0.036659
0 0.917453 0.306318 0.019187 0.066471
4 0.885016 0.272224 0.226031 0.137200
