4 0.406625 0.189472 0.118031 0.035956
4 0.558602 0.210418 0.091609 0.040637
0 0.523789 0.935209 0.034984 0.068466
0 0.387031 0.942799 0.030687 0.098785
0 0.368289 0.917988 0.028609 0.080199
0 0.339250 0.913645 0.030844 0.111036
0 0.303414 0.867191 0.031578 0.092311
0 0.862727 0.729831 0.033766 0.117510
0 0.695812 0.935508 0.025281 0.072490
0 0.436406 0.775239 0.026062 0.093426
0 0.458625 0.773875 0.024219 0.083645
0 0.789281 0.675239 0.027844 0.057052
0 0.910500 0.713865 0.030062 0.074143
4 0.347633 0.175518 0.040078 0.039641
