4 0.162148 0.695479 0.145891 0.104917
4 0.535734 0.760312 0.089219 0.246125
4 0.320609 0.573427 0.052250 0.038354
4 0.358617 0.543854 0.039422 0.029750
4 0.383875 0.523552 0.034469 0.025021
4 0.577719 0.488917 0.028156 0.036667
4 0.712133 0.572240 0.113672 0.062146
0 0.514211 0.786802 0.034078 0.129562
0 0.529125 0.738062 0.021063 0.058708
0 0.507547 0.725677 0.025938 0.037854
0 0.513398 0.701896 0.020859 0.044375
0 0.544781 0.798135 0.030187 0.062938
0 0.554969 0.765187 0.021781 0.042292
0 0.548984 0.734906 0.025062 0.067146
